求めたい実数を入力せよ：刻み幅を0より大きく1未満であるような実数で入力せよ：0.00000 1.0000000000000000
0.08000 1.0000000000000000
0.16000 0.9936000000000000
0.24000 0.9808000000000000
0.32000 0.9616409600000000
0.40000 0.9362047999999999
0.48000 0.9046141378560000
0.56000 0.8670317649920000
0.64000 0.8236598616457216
0.72000 0.7747389550034944
0.80000 0.7205466252467346
0.88000 0.6613959661779525
0.96000 0.5976338087075912
1.04000 0.5296387170536910
1.12000 0.4578187690240623
1.20000 0.3826091332052899
1.28000 0.3044694572647635
1.36000 0.2238810828717233
1.44000 0.1413441039521885
1.52000 0.0573742861022748
1.60000 -0.0275001340129330
1.68000 -0.1127417495591953
1.76000 -0.1978073642477748
1.84000 -0.2821514317391755
1.92000 -0.3652295320993904
2.00000 -0.4465018632964746
2.08000 -0.5254367254881227
2.16000 -0.6015139757546734
2.24000 -0.6742284309781000
2.32000 -0.7430931967566968
2.40000 -0.8076429005770338
2.48000 -0.8674368079381279
2.56000 -0.9220618007355290
2.64000 -0.9711351979621261
2.72000 -1.0143073996640157
2.80000 -1.0512643360989478
2.88000 -1.0817297051760302
2.96000 -1.1054669825020793
3.04000 -1.1222811897150018
3.12000 -1.1320204082399110
3.20000 -1.1345770271506441
