求めたい実数を入力せよ：刻み幅を0より大きく1未満であるような実数で入力せよ：0.00000 1.0000000000000000
0.09000 1.0000000000000000
0.18000 0.9919000000000000
0.27000 0.9757000000000000
0.36000 0.9514656100000000
0.45000 0.9193280500000000
0.54000 0.8794836185589999
0.63000 0.8321926299129999
0.72000 0.7777778239566721
0.81000 0.7166222576980489
0.90000 0.6491666910653766
0.99000 0.5759064841453502
1.08000 0.4973880270276942
1.17000 0.4142047273884609
1.26000 0.3269925847303032
1.35000 0.2364253837802991
1.44000 0.1432095428939794
1.53000 0.0480786563990394
1.62000 -0.0482122273933419
1.71000 -0.1448925483025554
1.80000 -0.2411823501698828
1.89000 -0.3362985223959595
1.98000 -0.4294611175856602
2.07000 -0.5198996947439536
2.16000 -0.6068596368498032
2.25000 -0.6896083914282267
2.34000 -0.7674415829481669
2.43000 -0.8396889464975383
2.52000 -0.9057200332250297
2.61000 -0.9649496394858910
2.70000 -1.0168429134776296
2.79000 -1.0609200953895324
2.88000 -1.0967608497022663
2.97000 -1.1240081512423450
3.06000 -1.1423716898998355
3.15000 -1.1516307625322630
