求めたい実数を入力せよ：刻み幅を0より大きく1未満であるような実数で入力せよ：0.0000000000000000 0.0000000000000000
0.0900000000000000 0.0000000000000000
0.1800000000000000 0.0162000000000000
0.2700000000000000 0.0486000000000000
0.3600000000000000 0.0972000000000000
0.4500000000000000 0.1620000000000000
0.5399999999999999 0.2430000000000000
0.6299999999999999 0.3401999999999999
0.7199999999999999 0.4535999999999999
0.8099999999999998 0.5831999999999998
0.8999999999999998 0.7289999999999998
0.9899999999999998 0.8909999999999997
1.0799999999999998 1.0691999999999997
1.1699999999999999 1.2635999999999996
1.2600000000000000 1.4741999999999995
1.3500000000000001 1.7009999999999996
1.4400000000000002 1.9439999999999995
1.5300000000000002 2.2031999999999994
1.6200000000000003 2.4785999999999992
1.7100000000000004 2.7701999999999991
1.8000000000000005 3.0779999999999994
1.8900000000000006 3.4019999999999992
1.9800000000000006 3.7421999999999995
2.0700000000000007 4.0985999999999994
2.1600000000000006 4.4711999999999996
2.2500000000000004 4.8599999999999994
2.3400000000000003 5.2649999999999997
2.4300000000000002 5.6861999999999995
2.5200000000000000 6.1235999999999997
2.6099999999999999 6.5771999999999995
2.6999999999999997 7.0469999999999997
2.7899999999999996 7.5329999999999995
2.8799999999999994 8.0351999999999997
2.9699999999999993 8.5535999999999994
3.0599999999999992 9.0881999999999987
3.1499999999999990 9.6389999999999993
3.2399999999999989 10.2059999999999995
3.3299999999999987 10.7891999999999992
3.4199999999999986 11.3885999999999985
3.5099999999999985 12.0041999999999973
3.5999999999999983 12.6359999999999975
3.6899999999999982 13.2839999999999971
3.7799999999999980 13.9481999999999964
3.8699999999999979 14.6285999999999952
3.9599999999999977 15.3251999999999953
4.0499999999999980 16.0379999999999932
4.1399999999999979 16.7669999999999924
4.2299999999999978 17.5121999999999929
4.3199999999999976 18.2735999999999912
4.4099999999999975 19.0511999999999908
4.4999999999999973 19.8449999999999918
4.5899999999999972 20.6549999999999905
4.6799999999999971 21.4811999999999905
4.7699999999999969 22.3235999999999883
4.8599999999999968 23.1821999999999875
4.9499999999999966 24.0569999999999879
5.0399999999999965 24.9479999999999862
5.1299999999999963 25.8551999999999857
5.2199999999999962 26.7785999999999866
5.3099999999999961 27.7181999999999853
5.3999999999999959 28.6739999999999853
5.4899999999999958 29.6459999999999830
5.5799999999999956 30.6341999999999821
5.6699999999999955 31.6385999999999825
5.7599999999999953 32.6591999999999842
5.8499999999999952 33.6959999999999837
5.9399999999999951 34.7489999999999810
6.0299999999999949 35.8181999999999832
