求めたい実数を入力せよ：刻み幅を0より大きく1未満であるような実数で入力せよ：0.00000 1.0000000000000000
0.07000 1.0000000000000000
0.14000 0.9951000000000000
0.21000 0.9853000000000000
0.28000 0.9706240100000000
0.35000 0.9511200500000000
0.42000 0.9268600323510000
0.49000 0.8979395264570000
0.56000 0.8644774064044801
0.63000 0.8266153826723209
0.70000 0.7845174196487797
0.77000 0.7383690412501442
0.84000 0.6883765274952297
0.91000 0.6347660054381894
0.98000 0.5777824383964225
1.05000 0.5176885179280085
1.12000 0.4547634635114520
1.19000 0.3893017353570483
1.26000 0.3216116662314385
1.33000 0.2520140186025791
1.40000 0.1808404738091857
1.47000 0.1084320603246396
1.54000 0.0351375285184285
1.61000 -0.0386883203833733
1.68000 -0.1126863431749154
1.75000 -0.1864947931965790
1.82000 -0.2597510801366855
1.89000 -0.3320935425901287
1.96000 -0.4031632247509022
2.03000 -0.4726056485529840
2.10000 -0.5400725725537865
2.17000 -0.6052237288766793
2.24000 -0.6677285295940586
2.31000 -0.7272677340399422
2.38000 -0.7835350686908148
2.45000 -0.8362387914448917
2.52000 -0.8851031923623836
2.59000 -0.9298700232017955
2.66000 -0.9702998483986317
2.73000 -1.0061733104817792
2.80000 -1.0372923033077734
2.87000 -1.0634810469124070
2.94000 -1.0845870582308323
3.01000 -1.1004820124193868
3.08000 -1.1110624900226103
3.15000 -1.1162506057649788
