求めたい実数を入力せよ：刻み幅を0より大きく1未満であるような実数で入力せよ：0.0000000000000000 0.0000000000000000
0.0800000000000000 0.0000000000000000
0.1600000000000000 0.0128000000000000
0.2400000000000000 0.0384000000000000
0.3200000000000000 0.0768000000000000
0.4000000000000000 0.1280000000000000
0.4800000000000000 0.1920000000000000
0.5600000000000001 0.2688000000000000
0.6400000000000000 0.3584000000000001
0.7200000000000000 0.4608000000000000
0.7999999999999999 0.5760000000000001
0.8799999999999999 0.7040000000000001
0.9599999999999999 0.8448000000000000
1.0399999999999998 0.9984000000000000
1.1199999999999999 1.1647999999999998
1.2000000000000000 1.3439999999999999
1.2800000000000000 1.5359999999999998
1.3600000000000001 1.7407999999999999
1.4400000000000002 1.9583999999999999
1.5200000000000002 2.1888000000000001
1.6000000000000003 2.4319999999999999
1.6800000000000004 2.6880000000000002
1.7600000000000005 2.9568000000000003
1.8400000000000005 3.2384000000000004
1.9200000000000006 3.5328000000000004
2.0000000000000004 3.8400000000000003
2.0800000000000005 4.1600000000000001
2.1600000000000006 4.4927999999999999
2.2400000000000007 4.8384000000000000
2.3200000000000007 5.1968000000000005
2.4000000000000008 5.5680000000000005
2.4800000000000009 5.9520000000000008
2.5600000000000009 6.3488000000000007
2.6400000000000010 6.7584000000000009
2.7200000000000011 7.1808000000000014
2.8000000000000012 7.6160000000000014
2.8800000000000012 8.0640000000000018
2.9600000000000013 8.5248000000000026
3.0400000000000014 8.9984000000000037
3.1200000000000014 9.4848000000000035
3.2000000000000015 9.9840000000000035
3.2800000000000016 10.4960000000000040
3.3600000000000017 11.0208000000000048
3.4400000000000017 11.5584000000000060
3.5200000000000018 12.1088000000000058
3.6000000000000019 12.6720000000000059
3.6800000000000019 13.2480000000000064
3.7600000000000020 13.8368000000000073
3.8400000000000021 14.4384000000000086
3.9200000000000021 15.0528000000000084
4.0000000000000018 15.6800000000000086
4.0800000000000018 16.3200000000000074
4.1600000000000019 16.9728000000000065
4.2400000000000020 17.6384000000000079
4.3200000000000021 18.3168000000000077
4.4000000000000021 19.0080000000000098
4.4800000000000022 19.7120000000000104
4.5600000000000023 20.4288000000000096
4.6400000000000023 21.1584000000000110
4.7200000000000024 21.9008000000000109
4.8000000000000025 22.6560000000000130
4.8800000000000026 23.4240000000000137
4.9600000000000026 24.2048000000000130
5.0400000000000027 24.9984000000000144
5.1200000000000028 25.8048000000000144
5.2000000000000028 26.6240000000000165
5.2800000000000029 27.4560000000000173
5.3600000000000030 28.3008000000000166
5.4400000000000031 29.1584000000000181
5.5200000000000031 30.0288000000000181
5.6000000000000032 30.9120000000000203
5.6800000000000033 31.8080000000000211
5.7600000000000033 32.7168000000000205
5.8400000000000034 33.6384000000000185
5.9200000000000035 34.5728000000000222
6.0000000000000036 35.5200000000000244
