求めたい実数を入力せよ：刻み幅を0より大きく1未満であるような実数で入力せよ：0.0000000000000000 0.0000000000000000
0.0700000000000000 0.0098000000000000
0.1400000000000000 0.0294000000000000
0.2100000000000000 0.0588000000000000
0.2800000000000000 0.0980000000000000
0.3500000000000000 0.1470000000000000
0.4200000000000000 0.2058000000000000
0.4900000000000000 0.2744000000000000
0.5600000000000001 0.3528000000000001
0.6300000000000001 0.4410000000000001
0.7000000000000002 0.5390000000000001
0.7700000000000002 0.6468000000000002
0.8400000000000003 0.7644000000000002
0.9100000000000004 0.8918000000000003
0.9800000000000004 1.0290000000000004
1.0500000000000005 1.1760000000000004
1.1200000000000006 1.3328000000000004
1.1900000000000006 1.4994000000000005
1.2600000000000007 1.6758000000000006
1.3300000000000007 1.8620000000000008
1.4000000000000008 2.0580000000000007
1.4700000000000009 2.2638000000000007
1.5400000000000009 2.4794000000000009
1.6100000000000010 2.7048000000000010
1.6800000000000010 2.9400000000000013
1.7500000000000011 3.1850000000000014
1.8200000000000012 3.4398000000000017
1.8900000000000012 3.7044000000000019
1.9600000000000013 3.9788000000000023
2.0300000000000011 4.2630000000000026
2.1000000000000010 4.5570000000000030
2.1700000000000008 4.8608000000000029
2.2400000000000007 5.1744000000000030
2.3100000000000005 5.4978000000000034
2.3800000000000003 5.8310000000000031
2.4500000000000002 6.1740000000000030
2.5200000000000000 6.5268000000000033
2.5899999999999999 6.8894000000000037
2.6599999999999997 7.2618000000000036
2.7299999999999995 7.6440000000000037
2.7999999999999994 8.0360000000000031
2.8699999999999992 8.4378000000000029
2.9399999999999991 8.8494000000000028
3.0099999999999989 9.2708000000000030
3.0799999999999987 9.7020000000000035
3.1499999999999986 10.1430000000000042
3.2199999999999984 10.5938000000000034
3.2899999999999983 11.0544000000000029
3.3599999999999981 11.5248000000000026
3.4299999999999979 12.0050000000000026
3.4999999999999978 12.4950000000000028
3.5699999999999976 12.9948000000000032
3.6399999999999975 13.5044000000000022
3.7099999999999973 14.0238000000000014
3.7799999999999971 14.5530000000000008
3.8499999999999970 15.0920000000000005
3.9199999999999968 15.6408000000000005
3.9899999999999967 16.1994000000000007
4.0599999999999969 16.7678000000000011
4.1299999999999972 17.3460000000000001
4.1999999999999975 17.9340000000000011
4.2699999999999978 18.5318000000000005
4.3399999999999981 19.1394000000000020
4.4099999999999984 19.7568000000000019
4.4799999999999986 20.3840000000000003
4.5499999999999989 21.0210000000000008
4.6199999999999992 21.6677999999999997
4.6899999999999995 22.3244000000000007
4.7599999999999998 22.9908000000000001
4.8300000000000001 23.6670000000000016
4.9000000000000004 24.3530000000000015
4.9700000000000006 25.0488000000000000
5.0400000000000009 25.7544000000000004
5.1100000000000012 26.4697999999999993
5.1800000000000015 27.1950000000000003
5.2500000000000018 27.9299999999999997
5.3200000000000021 28.6748000000000012
5.3900000000000023 29.4294000000000011
5.4600000000000026 30.1938000000000031
5.5300000000000029 30.9680000000000035
5.6000000000000032 31.7520000000000024
5.6700000000000035 32.5457999999999998
5.7400000000000038 33.3494000000000028
5.8100000000000041 34.1628000000000043
5.8800000000000043 34.9860000000000042
5.9500000000000046 35.8190000000000026
6.0200000000000049 36.6618000000000066
