求めたい実数を入力せよ：刻み幅を0より大きく1未満であるような実数で入力せよ：0.00000 1.0000000000000000
0.08000 0.9936406995230525
0.16000 0.9810029799742697
0.24000 0.9622071347630036
0.32000 0.9374118536881335
0.40000 0.9068129696077736
0.48000 0.8706419768754110
0.56000 0.8291643324155887
0.64000 0.7826775516253641
0.72000 0.7315091125150432
0.80000 0.6760141826358529
0.88000 0.6165731843766520
0.96000 0.5535892151405515
1.04000 0.4874853397301779
1.12000 0.4187017729727786
1.20000 0.3476929711997011
1.28000 0.2749246516560251
1.36000 0.2008707592531291
1.44000 0.1260104002883873
1.52000 0.0508247628414603
1.60000 -0.0242059564839694
1.68000 -0.0986055999695936
1.76000 -0.1719050511279987
1.84000 -0.2436451731780642
1.92000 -0.3133796653697631
2.00000 -0.3806778195165562
2.08000 -0.4451271598403708
2.16000 -0.5063359500836501
2.24000 -0.5639355527890791
2.32000 -0.6175826266837323
2.40000 -0.6669611492233561
2.48000 -0.7117842525466812
2.56000 -0.7517958623509601
2.64000 -0.7867721305199115
2.72000 -0.8165226537051500
2.80000 -0.8408914714729615
2.88000 -0.8597578390707203
2.96000 -0.8730367713319548
3.04000 -0.8806793557166029
3.12000 -0.8826728339638822
3.20000 -0.8790404533099776
