求めたい実数を入力せよ：刻み幅を0より大きく1未満であるような実数で入力せよ：0.00000 1.0000000000000000
0.09000 0.9919650828290845
0.18000 0.9760243682751403
0.27000 0.9523694610863962
0.36000 0.9212524093816608
0.45000 0.8829831938070879
0.54000 0.8379267713843022
0.63000 0.7864997013803356
0.72000 0.7291663836686531
0.81000 0.6664349429193240
0.90000 0.5988527945342674
0.99000 0.5270019305120631
1.08000 0.4514939653703589
1.17000 0.3729649838593935
1.26000 0.2920702334574230
1.35000 0.2094787055405739
1.44000 0.1258676496614668
1.53000 0.0419170655513935
1.62000 -0.0416957827186587
1.71000 -0.1243017865179158
1.80000 -0.2052453033599572
1.89000 -0.2838893167364336
1.98000 -0.3596204048337565
2.07000 -0.4318534797451437
2.16000 -0.5000362609428936
2.25000 -0.5636534492021064
2.34000 -0.6222305698455701
2.43000 -0.6753374570866321
2.52000 -0.7225913543573991
2.61000 -0.7636596087969111
2.70000 -0.7982619415101906
2.79000 -0.8261722787654697
2.88000 -0.8472201329439034
2.97000 -0.8612915257636514
3.06000 -0.8683294500380909
3.15000 -0.8683338699658074
