求めたい実数を入力せよ：刻み幅を0より大きく1未満であるような実数で入力せよ：0.00000 1.0000000000000000
0.07000 0.9951238929246692
0.14000 0.9854192316144277
0.21000 0.9709568815844225
0.28000 0.9518305618015895
0.35000 0.9281562762650577
0.42000 0.9000716396940251
0.49000 0.8677351011274681
0.56000 0.8313250697192865
0.63000 0.7910389474685092
0.70000 0.7470920740548631
0.77000 0.6997165893533853
0.84000 0.6491602195759854
0.91000 0.5956849933312620
0.98000 0.5395658942049346
1.05000 0.4810894567405783
1.12000 0.4205523129428023
1.19000 0.3582596966315317
1.26000 0.2945239131458465
1.33000 0.2296627820282230
1.40000 0.1639980604145681
1.47000 0.0978538549118452
1.54000 0.0315550297632822
1.61000 -0.0345743809187788
1.68000 -0.1002127491301024
1.75000 -0.1650424095347058
1.82000 -0.2287511891126573
1.89000 -0.2910339025680254
1.96000 -0.3515938063721700
2.03000 -0.4101440045539999
2.10000 -0.4664087996177031
2.17000 -0.5201249822682916
2.24000 -0.5710430539545031
2.31000 -0.6189283765953971
2.38000 -0.6635622442395176
2.45000 -0.7047428718117604
2.52000 -0.7422862965310013
2.59000 -0.7760271880289007
2.66000 -0.8058195636648423
2.73000 -0.8315374060113284
2.80000 -0.8530751799759325
2.87000 -0.8703482475276511
2.94000 -0.8832931785046966
3.01000 -0.8918679564949170
3.08000 -0.8960520792965843
3.15000 -0.8958465539837311
